29,1
29,3
28,5
28,1
28,3
27,1
27,3
342,35
3,2
3,1
3,3
10,260
10,230
10,12
10,122
10,156
10,78
10,288
10,82
11,5
11,11
11,25
11,12
11,23
11,21
11,4
9,6
9,4
8,12
8,16
8,6
8,17
8,4
0,318
12,2
12,1
12,3
20,2
20,1
20,3
19,2
19,1
19,3
18,1
18,3
52,6
52,5
52,4
52,3
52,2
52,1
52,0
51,5
51,4
51,3
51,2
51,1
51,0
50,5
50,4
50,3
50,2
50,1
50,0
49,5
49,4
49,3
49,2
49,1
49,0
38,6
38,5
38,4
38,3
38,2
38,1
38,0
35,9
35,8
35,7
35,6
35,5
35,4
35,3
35,2
35,1
35,0
34,5
34,4
34,3
34,2
34,1
34,0
33,181
33,180
33,179
33,178
33,177
33,176
33,175
33,174
33,173
33,172
33,171
33,170
33,169
33,168
33,167
33,166
33,165
33,164
33,163
33,162
33,161
33,160
33,159
33,158
33,157
33,156
33,155
33,128
33,125
33,119
33,98
33,7
33,5
33,4
33,3
